1850 -0.901 -0.151 -0.503 -0.673 -0.609 -0.193 -0.062  0.016 -0.318 -0.752 -0.564 -0.521 -0.436 
1850
1851 -0.045 -0.502 -1.007 -0.689 -0.112  0.052 -0.054 -0.006  0.088  0.058 -0.210 -0.206 -0.219 
1851
1852 -0.353 -0.483 -0.676 -0.719 -0.029 -0.021 -0.012 -0.056 -0.020 -0.070 -0.578  0.188 -0.236 
1852
1853 -0.048 -0.420 -0.505 -0.456 -0.163  0.024  0.067  0.097 -0.195 -0.382 -0.602 -0.362 -0.245 
1853
1854 -0.458 -0.422 -0.085 -0.311 -0.192 -0.350  0.067  0.051 -0.123  0.167 -0.282 -0.159 -0.175 
1854
1855  0.003 -0.371 -0.354  0.066 -0.236 -0.176 -0.214 -0.148 -0.326 -0.121 -0.449 -0.621 -0.246 
1855
1856  0.026 -0.381 -0.508 -0.244 -0.224 -0.090 -0.273 -0.274 -0.369 -0.488 -0.691 -0.487 -0.334 
1856
1857 -0.673 -0.418 -0.464 -0.738 -0.733 -0.199 -0.254 -0.216 -0.338 -0.501 -0.760 -0.124 -0.451 
1857
1858 -0.123 -0.602 -0.566 -0.300 -0.388 -0.287 -0.240 -0.335 -0.376 -0.176 -0.426 -0.483 -0.359 
1858
1859 -0.338 -0.320 -0.264 -0.083 -0.015 -0.129 -0.268 -0.143 -0.387 -0.278 -0.251 -0.498 -0.248 
1859
1860 -0.577 -0.640 -1.268 -0.331 -0.279 -0.104 -0.099 -0.023 -0.014 -0.272 -0.822 -1.080 -0.459 
1860
1861 -1.383 -0.662 -0.394 -0.548 -0.516 -0.102  0.054  0.112 -0.248 -0.414 -0.443 -0.319 -0.405 
1861
1862 -1.113 -1.005 -0.837 -0.798 -0.552 -0.414 -0.340 -0.299 -0.340 -0.517 -0.924 -1.281 -0.702 
1862
1863  0.189 -0.263 -0.335 -0.316 -0.192 -0.287 -0.252 -0.181 -0.217 -0.649 -0.456 -0.655 -0.301 
1863
1864 -0.962 -0.586 -0.507 -0.558 -0.325  0.185 -0.127  0.024 -0.377 -0.694 -0.705 -0.908 -0.462 
1864
1865 -0.012 -0.760 -1.052 -0.736 -0.259 -0.062 -0.167 -0.202 -0.024 -0.219 -0.259 -0.655 -0.367 
1865
1866 -0.101 -0.533 -0.868 -0.533 -0.754 -0.034  0.084 -0.182 -0.362 -0.593 -0.275 -0.333 -0.374 
1866
1867 -0.501 -0.319 -1.072 -0.596 -0.855 -0.356 -0.145 -0.171 -0.128 -0.132 -0.164 -0.422 -0.405 
1867
1868 -0.806 -1.003 -0.512 -0.285 -0.234 -0.067  0.323 -0.122 -0.401 -0.238 -0.661 -0.295 -0.358 
1868
1869 -0.333  0.377 -0.807 -0.520 -0.178 -0.189 -0.164  0.053 -0.039 -0.221 -0.290 -0.674 -0.249 
1869
1870 -0.225 -0.607 -0.553 -0.391 -0.089 -0.053  0.078 -0.176 -0.084 -0.400 -0.203 -1.044 -0.312 
1870
1871 -0.843 -1.116 -0.233 -0.154 -0.449 -0.240 -0.028 -0.121 -0.329 -0.240 -0.871 -0.666 -0.441 
1871
1872 -0.826 -0.862 -0.594 -0.433 -0.035 -0.191 -0.043  0.208 -0.024 -0.185 -0.551 -0.751 -0.357 
1872
1873 -0.481 -0.393 -0.566 -0.687 -0.455 -0.294 -0.115 -0.170 -0.417 -0.313 -0.484 -0.132 -0.376 
1873
1874 -0.100 -0.412 -0.832 -0.385 -0.075 -0.306 -0.181 -0.161  0.007 -0.373 -0.420 -0.287 -0.294 
1874
1875 -0.912 -0.779 -0.735 -0.535 -0.362 -0.118 -0.061 -0.241 -0.313 -0.219 -0.831 -0.701 -0.484 
1875
1876 -0.624 -0.384 -0.415 -0.457 -0.716 -0.149 -0.023 -0.200 -0.249 -0.276 -0.722 -1.004 -0.435 
1876
1877 -0.517 -0.371 -0.178 -0.466 -0.312  0.024  0.090  0.377  0.165  0.045  0.081 -0.155 -0.101 
1877
1878 -0.330  0.281  0.573  0.251 -0.090  0.380  0.093  0.115  0.194 -0.166 -0.094 -0.353  0.071 
1878
1879 -0.209 -0.267 -0.257 -0.447 -0.318 -0.315 -0.220 -0.311 -0.242 -0.021 -0.590 -0.839 -0.336 
1879
1880 -0.477 -0.640 -0.359 -0.465 -0.303 -0.302 -0.307 -0.180 -0.325 -0.420 -0.345 -0.484 -0.384 
1880
1881 -0.234 -0.320 -0.379 -0.042 -0.148 -0.378 -0.187 -0.077 -0.280 -0.340 -0.608 -0.415 -0.284 
1881
1882  0.099 -0.164 -0.241 -0.431 -0.414 -0.447 -0.417 -0.241 -0.195 -0.573 -0.574 -0.879 -0.373 
1882
1883 -0.769 -0.802 -0.398 -0.431 -0.378 -0.242 -0.227 -0.273 -0.300 -0.330 -0.620 -0.356 -0.427 
1883
1884 -0.535 -0.468 -0.833 -0.741 -0.650 -0.563 -0.599 -0.593 -0.684 -0.556 -0.844 -0.548 -0.634 
1884
1885 -0.946 -0.680 -0.455 -0.701 -0.607 -0.627 -0.368 -0.274 -0.360 -0.355 -0.581 -0.163 -0.510 
1885
1886 -0.580 -0.672 -0.665 -0.389 -0.340 -0.468 -0.150 -0.389 -0.386 -0.402 -0.617 -0.289 -0.445 
1886
1887 -1.021 -0.770 -0.427 -0.484 -0.439 -0.443 -0.334 -0.507 -0.292 -0.413 -0.382 -0.421 -0.494 
1887
1888 -0.670 -0.754 -0.698 -0.299 -0.376 -0.177 -0.198 -0.233 -0.285 -0.105 -0.293 -0.381 -0.372 
1888
1889 -0.512  0.032 -0.171 -0.021 -0.159 -0.088 -0.194 -0.214 -0.237 -0.363 -0.737 -0.461 -0.260 
1889
1890 -0.678 -0.529 -0.731 -0.484 -0.525 -0.464 -0.435 -0.422 -0.441 -0.300 -0.811 -0.466 -0.524 
1890
1891 -0.682 -0.826 -0.444 -0.546 -0.388 -0.267 -0.277 -0.204 -0.130 -0.366 -0.698 -0.116 -0.412 
1891
1892 -0.591 -0.383 -0.785 -0.642 -0.503 -0.310 -0.531 -0.494 -0.352 -0.368 -0.940 -1.014 -0.576 
1892
1893 -1.556 -1.232 -0.553 -0.466 -0.622 -0.287 -0.119 -0.235 -0.322 -0.248 -0.425 -0.615 -0.557 
1893
1894 -0.849 -0.438 -0.482 -0.465 -0.366 -0.522 -0.202 -0.226 -0.301 -0.307 -0.549 -0.604 -0.443 
1894
1895 -0.880 -0.808 -0.744 -0.352 -0.408 -0.447 -0.249 -0.402 -0.187 -0.190 -0.311 -0.364 -0.445 
1895
1896 -0.386 -0.377 -0.839 -0.749 -0.310 -0.055 -0.111 -0.120 -0.004  0.020 -0.486 -0.102 -0.293 
1896
1897 -0.446 -0.526 -0.688 -0.119  0.012 -0.092 -0.002 -0.072 -0.045 -0.104 -0.429 -0.508 -0.252 
1897
1898 -0.068 -0.636 -1.114 -0.548 -0.448 -0.228 -0.209 -0.276 -0.273 -0.431 -0.533 -0.402 -0.430 
1898
1899 -0.295 -0.723 -0.842 -0.403 -0.327 -0.506 -0.249 -0.126 -0.063 -0.041  0.150 -0.573 -0.333 
1899
1900 -0.734 -0.349 -0.097 -0.207 -0.199 -0.102 -0.155 -0.137 -0.101  0.134 -0.293 -0.135 -0.198 
1900
1901 -0.304 -0.184  0.005 -0.005 -0.251 -0.105 -0.135 -0.095 -0.277 -0.335 -0.368 -0.525 -0.215 
1901
1902 -0.433 -0.130 -0.580 -0.534 -0.503 -0.471 -0.379 -0.298 -0.373 -0.438 -0.690 -0.690 -0.460 
1902
1903 -0.369 -0.079 -0.413 -0.562 -0.516 -0.544 -0.474 -0.587 -0.534 -0.595 -0.636 -0.751 -0.505 
1903
1904 -0.916 -0.853 -0.730 -0.660 -0.550 -0.490 -0.550 -0.424 -0.625 -0.442 -0.247 -0.453 -0.578 
1904
1905 -0.484 -0.924 -0.607 -0.631 -0.446 -0.339 -0.259 -0.276 -0.251 -0.284 -0.069 -0.272 -0.404 
1905
1906 -0.419 -0.611 -0.284 -0.012 -0.324 -0.058 -0.311 -0.116 -0.189 -0.148 -0.509 -0.143 -0.260 
1906
1907 -0.672 -0.767 -0.558 -0.539 -0.734 -0.583 -0.404 -0.461 -0.368 -0.175 -0.590 -0.588 -0.537 
1907
1908 -0.478 -0.408 -0.897 -0.568 -0.373 -0.280 -0.318 -0.404 -0.253 -0.404 -0.693 -0.657 -0.478 
1908
1909 -0.891 -0.501 -0.753 -0.672 -0.554 -0.443 -0.409 -0.295 -0.322 -0.369 -0.189 -0.527 -0.494 
1909
1910 -0.377 -0.461 -0.614 -0.530 -0.466 -0.556 -0.380 -0.333 -0.363 -0.348 -0.644 -0.823 -0.491 
1910
1911 -0.724 -0.700 -0.748 -0.518 -0.508 -0.342 -0.348 -0.386 -0.318 -0.198 -0.269 -0.376 -0.453 
1911
1912 -0.440 -0.277 -0.792 -0.335 -0.270 -0.119 -0.520 -0.661 -0.765 -0.845 -0.605 -0.734 -0.530 
1912
1913 -0.640 -0.758 -0.701 -0.575 -0.620 -0.579 -0.545 -0.367 -0.398 -0.438 -0.305 -0.008 -0.494 
1913
1914  0.110 -0.247 -0.535 -0.493 -0.276 -0.276 -0.307 -0.244 -0.278 -0.088 -0.339 -0.254 -0.269 
1914
1915 -0.307 -0.242 -0.318 -0.037 -0.078 -0.094 -0.142 -0.013 -0.130 -0.347 -0.076 -0.320 -0.175 
1915
1916 -0.312 -0.304 -0.582 -0.405 -0.389 -0.453 -0.221 -0.297 -0.398 -0.381 -0.504 -1.071 -0.443 
1916
1917 -0.663 -0.779 -0.867 -0.556 -0.714 -0.488 -0.258 -0.267 -0.281 -0.672 -0.404 -1.062 -0.584 
1917
1918 -0.588 -0.644 -0.549 -0.646 -0.609 -0.528 -0.356 -0.350 -0.227 -0.118 -0.363 -0.651 -0.469 
1918
1919 -0.382 -0.413 -0.642 -0.272 -0.430 -0.409 -0.266 -0.143 -0.186 -0.129 -0.569 -0.622 -0.372 
1919
1920 -0.194 -0.473 -0.177 -0.321 -0.254 -0.237 -0.202 -0.188 -0.282 -0.273 -0.474 -0.630 -0.309 
1920
1921 -0.064 -0.177 -0.348 -0.139 -0.274 -0.097  0.003 -0.202 -0.147 -0.078 -0.200 -0.232 -0.163 
1921
1922 -0.439 -0.563 -0.294 -0.248 -0.307 -0.198 -0.211 -0.336 -0.360 -0.283 -0.180 -0.209 -0.302 
1922
1923 -0.326 -0.588 -0.555 -0.593 -0.378 -0.215 -0.283 -0.204 -0.170  0.085  0.159  0.007 -0.255 
1923
1924 -0.364 -0.229 -0.028 -0.313 -0.124 -0.185 -0.180 -0.160 -0.173 -0.187  0.027 -0.391 -0.192 
1924
1925 -0.397 -0.491 -0.323 -0.204 -0.251 -0.263 -0.210 -0.106  0.016 -0.085  0.094  0.202 -0.168 
1925
1926  0.390  0.117  0.131 -0.165 -0.205 -0.134 -0.093  0.021  0.033  0.109  0.063 -0.285 -0.001 
1926
1927 -0.313 -0.109 -0.447 -0.267 -0.087 -0.106 -0.052 -0.034  0.078  0.274  0.119 -0.333 -0.106 
1927
1928  0.173  0.041 -0.271 -0.217 -0.153 -0.240 -0.081 -0.099 -0.073 -0.029 -0.040 -0.054 -0.087 
1928
1929 -0.530 -0.708 -0.370 -0.336 -0.317 -0.362 -0.346 -0.085 -0.146 -0.035 -0.114 -0.683 -0.336 
1929
1930 -0.196 -0.256 -0.062 -0.159 -0.200 -0.133  0.018  0.110  0.057  0.071  0.324  0.068 -0.030 
1930
1931 -0.058 -0.357 -0.046 -0.123 -0.099  0.178  0.147  0.170  0.199  0.316  0.123  0.102  0.046 
1931
1932  0.318 -0.189 -0.240  0.116 -0.078 -0.092 -0.051 -0.031  0.164  0.127 -0.298 -0.196 -0.037 
1932
1933 -0.292 -0.341 -0.398 -0.184 -0.246 -0.332 -0.116 -0.047 -0.265 -0.166 -0.301 -0.491 -0.265 
1933
1934 -0.249  0.254 -0.456 -0.355 -0.025 -0.049 -0.081 -0.074 -0.084  0.108  0.290  0.080 -0.053 
1934
1935 -0.418  0.472 -0.020 -0.288 -0.266 -0.103  0.000  0.022 -0.056  0.140 -0.343 -0.178 -0.087 
1935
1936 -0.389 -0.441 -0.256 -0.059 -0.035  0.021  0.081  0.077  0.060  0.029  0.112  0.069 -0.061 
1936
1937 -0.004  0.235 -0.264 -0.052  0.098  0.152  0.136  0.176  0.325  0.349  0.251  0.059  0.122 
1937
1938  0.288  0.244  0.145  0.277  0.024 -0.045  0.060  0.144  0.212  0.340  0.331 -0.105  0.159 
1938
1939 -0.075 -0.066 -0.345 -0.074  0.006 -0.007  0.019  0.103  0.143  0.028  0.199  0.708  0.053 
1939
1940 -0.030  0.106 -0.048  0.254  0.099  0.054  0.113  0.085  0.191  0.239  0.163  0.238  0.122 
1940
1941  0.003  0.262 -0.107  0.008  0.080  0.095  0.161  0.097  0.021  0.335 -0.046 -0.004  0.075 
1941
1942  0.314 -0.032 -0.115  0.022  0.121  0.079  0.002 -0.099  0.072  0.149  0.139  0.070  0.060 
1942
1943 -0.258  0.173 -0.144  0.217  0.192 -0.110  0.033  0.135  0.110  0.404  0.295  0.302  0.112 
1943
1944  0.575  0.302  0.206  0.091  0.222  0.094  0.105  0.159  0.266  0.400  0.164  0.056  0.220 
1944
1945  0.155 -0.065 -0.018  0.248  0.046  0.092  0.038  0.249  0.151  0.253  0.089 -0.236  0.084 
1945
1946  0.231  0.026 -0.053  0.190  0.004 -0.127 -0.064 -0.046 -0.045  0.031  0.097 -0.381 -0.011 
1946
1947 -0.112  0.019  0.167  0.093 -0.056 -0.086 -0.027 -0.040  0.004  0.375  0.249 -0.054  0.044 
1947
1948  0.270 -0.182 -0.296  0.022  0.198  0.113  0.028  0.118  0.009  0.109  0.030 -0.428 -0.001 
1948
1949  0.168 -0.207 -0.031 -0.045 -0.039 -0.206 -0.203  0.020 -0.125  0.078 -0.046 -0.174 -0.068 
1949
1950 -0.360 -0.371 -0.091 -0.228 -0.068 -0.109 -0.209 -0.174 -0.149 -0.106 -0.334 -0.091 -0.191 
1950
1951 -0.355 -0.578 -0.221  0.050  0.162  0.072  0.130  0.278  0.358  0.329  0.070  0.352  0.054 
1951
1952  0.163  0.131 -0.275  0.151  0.181  0.170  0.143  0.106  0.187  0.028 -0.193  0.046  0.070 
1952
1953  0.173  0.288  0.163  0.460  0.265  0.198  0.188  0.177  0.150  0.223  0.068  0.126  0.207 
1953
1954 -0.283 -0.036 -0.230 -0.017 -0.096 -0.023 -0.105  0.017  0.057  0.141  0.298 -0.096 -0.031 
1954
1955  0.388 -0.202 -0.541 -0.205 -0.147 -0.069 -0.110  0.005 -0.063  0.078 -0.334 -0.307 -0.126 
1955
1956 -0.087 -0.293 -0.331 -0.277 -0.361 -0.251 -0.275 -0.293 -0.367 -0.329 -0.306 -0.180 -0.279 
1956
1957 -0.218 -0.149 -0.278 -0.108 -0.086  0.039  0.036  0.123  0.070  0.003  0.007  0.131 -0.036 
1957
1958  0.525  0.192  0.076 -0.041  0.021  0.012 -0.008  0.102  0.005  0.036 -0.043  0.115  0.083 
1958
1959  0.206  0.100  0.131  0.107 -0.009  0.071 -0.024  0.036  0.089 -0.057 -0.065 -0.020  0.047 
1959
1960  0.028  0.328 -0.515 -0.234 -0.035  0.103  0.050  0.059  0.080 -0.014 -0.170  0.326  0.000 
1960
1961  0.054  0.160 -0.023  0.077  0.001  0.092  0.006 -0.015 -0.146 -0.130  0.013 -0.170 -0.007 
1961
1962  0.179  0.221  0.194  0.132 -0.052 -0.181  0.039 -0.021 -0.084  0.039  0.064  0.047  0.048 
1962
1963  0.056  0.367 -0.363 -0.050 -0.123 -0.101  0.076  0.137  0.096  0.337  0.350  0.060  0.070 
1963
1964 -0.085 -0.119 -0.510 -0.406 -0.217 -0.138 -0.179 -0.258 -0.326 -0.334 -0.287 -0.273 -0.261 
1964
1965 -0.086 -0.433 -0.197 -0.315 -0.222 -0.267 -0.231 -0.220 -0.238 -0.020  0.018 -0.130 -0.195 
1965
1966 -0.270 -0.093 -0.180 -0.273 -0.153 -0.012  0.028  0.121  0.058 -0.136 -0.053 -0.104 -0.089 
1966
1967 -0.271 -0.445  0.042  0.008  0.164 -0.081 -0.023 -0.009 -0.066  0.254 -0.051  0.008 -0.039 
1967
1968 -0.345 -0.215  0.255 -0.097 -0.104 -0.091 -0.144 -0.123 -0.092 -0.069 -0.279 -0.365 -0.139 
1968
1969 -0.411 -0.478 -0.303 -0.081 -0.004 -0.131 -0.047 -0.040 -0.028 -0.042  0.073  0.289 -0.100 
1969
1970 -0.043  0.126 -0.181 -0.127 -0.148 -0.093 -0.116 -0.118 -0.109 -0.240 -0.071 -0.353 -0.122 
1970
1971 -0.197 -0.344 -0.373 -0.279 -0.223 -0.199 -0.201 -0.250 -0.182 -0.211 -0.074 -0.214 -0.229 
1971
1972 -0.688 -0.558 -0.202 -0.191 -0.231 -0.146 -0.130 -0.100 -0.260 -0.077 -0.269 -0.147 -0.250 
1972
1973  0.025  0.254  0.128  0.141  0.043  0.099 -0.039 -0.019 -0.122 -0.099 -0.085 -0.066  0.022 
1973
1974 -0.395 -0.494 -0.159 -0.168 -0.243 -0.224 -0.154 -0.118 -0.157 -0.258 -0.280 -0.345 -0.250 
1974
1975 -0.039  0.047 -0.006  0.018 -0.049 -0.085 -0.127 -0.152 -0.139 -0.221 -0.350 -0.228 -0.111 
1975
1976 -0.033 -0.264 -0.448 -0.045 -0.309 -0.232 -0.270 -0.213 -0.094 -0.469 -0.334 -0.311 -0.252 
1976
1977 -0.114 -0.019  0.049  0.167  0.204  0.221  0.064  0.037  0.142 -0.033  0.232 -0.004  0.079 
1977
1978  0.120  0.077  0.091  0.038 -0.094 -0.172 -0.105 -0.171 -0.014 -0.046  0.151 -0.018 -0.012 
1978
1979 -0.008 -0.428 -0.007 -0.196 -0.035  0.035  0.070  0.029  0.160  0.166  0.142  0.444  0.031 
1979
1980  0.192  0.378 -0.025  0.124  0.197  0.156  0.132  0.115  0.058  0.151  0.142  0.051  0.139 
1980
1981  0.749  0.558  0.508  0.336  0.160  0.261  0.111  0.172  0.130  0.217  0.326  0.552  0.340 
1981
1982 -0.147  0.118 -0.118  0.069 -0.000 -0.007  0.019 -0.086  0.033 -0.006 -0.203  0.209 -0.010 
1982
1983  0.365  0.240  0.223 -0.002 -0.011  0.102  0.198  0.261  0.258  0.094  0.455  0.123  0.192 
1983
1984  0.197 -0.107  0.073 -0.094  0.183  0.022  0.039  0.021 -0.016  0.008 -0.194 -0.488 -0.030 
1984
1985  0.056 -0.323 -0.150 -0.158  0.003  0.037 -0.149 -0.029  0.004 -0.027  0.017  0.094 -0.052 
1985
1986  0.204  0.292  0.056  0.116  0.116  0.078 -0.039  0.018 -0.012  0.001 -0.057 -0.030  0.062 
1986
1987  0.146  0.369 -0.087  0.011  0.190  0.164  0.262  0.295  0.330  0.200  0.028  0.440  0.196 
1987
1988  0.485  0.369  0.342  0.404  0.338  0.371  0.377  0.245  0.252  0.207  0.037  0.359  0.316 
1988
1989 -0.079  0.375  0.252  0.260  0.171  0.220  0.301  0.256  0.248  0.246  0.058  0.300  0.217 
1989
1990  0.311  0.330  1.006  0.672  0.496  0.472  0.329  0.393  0.418  0.450  0.403  0.288  0.464 
1990
1991  0.464  0.505  0.301  0.537  0.365  0.454  0.458  0.351  0.354  0.320  0.321  0.192  0.385 
1991
1992  0.483  0.409  0.362  0.071  0.097  0.028 -0.046 -0.059 -0.164 -0.109 -0.091  0.181  0.097 
1992
1993  0.336  0.497  0.264  0.223  0.250  0.255  0.182  0.061  0.019  0.174 -0.136  0.186  0.192 
1993
1994  0.272 -0.029  0.333  0.406  0.317  0.371  0.277  0.344  0.333  0.540  0.440  0.277  0.323 
1994
1995  0.684  1.060  0.478  0.721  0.429  0.565  0.411  0.564  0.470  0.589  0.578  0.274  0.569 
1995
1996  0.296  0.583  0.299  0.211  0.349  0.260  0.307  0.198  0.116  0.104  0.392  0.388  0.292 
1996
1997  0.369  0.500  0.611  0.536  0.454  0.563  0.504  0.514  0.551  0.714  0.630  0.471  0.535 
1997
1998  0.602  0.938  0.637  0.908  0.676  0.754  0.791  0.796  0.646  0.565  0.502  0.755  0.714 
1998
1999  0.537  0.960  0.216  0.513  0.373  0.334  0.384  0.370  0.432  0.446  0.490  0.660  0.476 
1999
2000  0.335  0.823  0.730  0.858  0.527  0.428  0.442  0.512  0.402  0.326  0.218  0.245  0.487 
2000
2001  0.524  0.433  0.674  0.585  0.616  0.515  0.610  0.668  0.576  0.609  0.983  0.746  0.628 
2001
2002  0.861  0.935  0.993  0.517  0.477  0.647  0.643  0.572  0.628  0.575  0.723  0.455  0.669 
2002
2003  0.881  0.490  0.570  0.594  0.710  0.531  0.660  0.804  0.789  0.981  0.690  0.945  0.720 
2003
2004  0.665  0.835  0.736  0.716  0.490  0.455  0.490  0.577  0.618  0.672  0.936  0.413  0.633 
2004
2005  0.859  0.672  0.814  0.891  0.793  0.781  0.773  0.719  0.880  0.933  1.037  0.824  0.831 
2005
2006  0.603  0.897  0.723  0.615  0.746  0.778  0.634  0.740  0.807  0.954  0.927  1.114  0.795 
2006
2007  1.314  0.893  0.808  1.101  0.702  0.646  0.694  0.758  0.683  0.811  0.816  0.760  0.832 
2007
2008  0.288  0.470  0.979  0.642  0.638  0.623  0.636  0.638  0.630  0.891  0.961  0.666  0.672 
2008
2009  0.840  0.645  0.492  0.678  0.574  0.666  0.701  0.721  0.859  0.815  0.795  0.695  0.707 
2009
2010  0.824  0.941  1.048  1.184  0.940  0.872  0.906  0.881  0.701  0.903  1.212  0.623  0.919 
2010
2011  0.597  0.509  0.811  0.830  0.652  0.761  0.745  0.750  0.727  0.886  0.635  0.799  0.725 
2011
2012  0.595  0.599  0.523  0.998  0.941  0.940  0.863  0.808  0.873  0.883  0.931  0.459  0.784 
2012
2013  0.725  0.659  0.766  0.722  0.772  0.757  0.695  0.767  0.752  0.843  1.060  0.802  0.777 
2013
2014  0.869  0.651  1.057  1.028  0.879  0.837  0.822  0.998  0.911  0.987  0.828  1.026  0.908 
2014
2015  1.066  1.064  1.111  0.995  1.016  1.073  0.959  1.066  1.214  1.272  1.332  1.404  1.131 
2015
2016  1.494  1.743  1.637  1.406  1.116  1.151  1.059  1.137  1.215  1.022  1.052  1.031  1.255 
2016
2017  1.297  1.399  1.415  1.174  0.880  0.897  0.969  1.051  0.972  0.986  1.108  1.237  1.115 
2017
2018  0.992  1.144  1.030  0.958  0.865  0.877  0.859  0.859  0.879  1.138  0.894  1.021  0.960 
2018
2019  0.983  0.996  1.396  1.180  0.975  1.121  1.051  1.149  1.199  1.269  1.108  1.297  1.144 
2019
2020  1.434  1.596  1.533  1.338  1.216  1.110  1.093  1.104  1.166  1.168  1.451  1.102  1.276 
2020
2021  1.127  0.865  1.024  1.151  1.041  1.112  1.076  1.017  1.068  1.214  1.212  1.033  1.078 
2021
2022  1.116  1.064  1.257  1.076  1.013  1.098  1.002  1.139  1.114  1.265  1.021  1.032  1.100 
2022
2023  1.123  1.140  1.454  0.962  1.096  1.199  1.425  1.509  1.658  1.772  1.862  1.767  1.414 
2023
2024  1.531  1.734  1.602  1.659  1.366 -9.999 -9.999 -9.999 -9.999 -9.999 -9.999 -9.999  1.578 
2024
